sensitivity: 81.9% (naive), 86.0% (correlated);        efficiency: 4.67 (naive), 4.83 (correlated)
standard error: 0.0007933385388163583, 0.0007401368191094795,         0.0026618363010444367, 0.002267474181988306
improvement: 5.02% (sensitivity);         3.51% (efficiency)
